% # columns="iteration, evaluation, min 25%tile 75%tile max correlation, correlation matrix principal axes lengths  (sorted square roots of eigenvalues of correlation matrix)", seed=693940, Wed Mar  4 12:50:13 2026
1 6 -0.19229947943900258 -0.15961958945138094 0.014948712157485295 0.04045825603948573 0.8980320716416629 0.9884953210266163 1.1029122352261174
2 12 -0.15840804356160806 -0.11505957610079305 0.10274537089717614 0.1319985524356842 0.8980320716416629 0.9884953210266163 1.1029122352261174
3 18 -0.11133462260083717 -0.09637623503941237 0.014913432048246246 0.037051600182707645 0.8980320716416629 0.9884953210266163 1.1029122352261174
4 24 -0.10822178776815816 -0.07296629465720163 0.09956575666722185 0.12182094733107314 0.9054915480055556 1.0161455768781844 1.0712297713755925
5 30 -0.015643810558648177 -0.0038025137208863233 0.21329213453286797 0.27381572044635755 0.9054915480055556 1.0161455768781844 1.0712297713755925
6 36 -0.27013019446589953 -0.20509164787681544 0.20806401709953953 0.28074402550257377 0.9054915480055556 1.0161455768781844 1.0712297713755925
7 42 -0.3214783819584952 -0.25567352554625644 0.1551083610578587 0.226230800180325 0.7954786262045053 0.9722673310013641 1.192438674447989
8 48 -0.36107419455762174 -0.2944753348192808 0.08115559363346218 0.13976704337936885 0.7954786262045053 0.9722673310013641 1.192438674447989
9 54 -0.264698462206802 -0.18452301834782853 0.19246183015517676 0.23794800246387174 0.7954786262045053 0.9722673310013641 1.192438674447989
10 60 -0.255700349923567 -0.18837179613224977 0.23269354011140372 0.3057200984013044 0.7711551311958421 1.0066771807255765 1.1797969390690624
11 66 -0.33053041655432597 -0.25231160301491584 0.25681701680289465 0.34830774320275465 0.7711551311958421 1.0066771807255765 1.1797969390690624
12 72 -0.25465309564315997 -0.16099280410680478 0.2785811848055205 0.33144555623994043 0.7711551311958421 1.0066771807255765 1.1797969390690624
13 78 -0.2748829725559769 -0.22560169134761363 0.27479171139383046 0.392308231099282 0.745149228236617 0.9628859093327348 1.2319104485581922
14 84 -0.20621491586657698 -0.13712925306294085 0.1926359326535772 0.23347199842211375 0.745149228236617 0.9628859093327348 1.2319104485581922
15 90 -0.2809491924893434 -0.17790115860268374 0.17481828767614943 0.18934340254910081 0.745149228236617 0.9628859093327348 1.2319104485581922
16 96 -0.3786758532434996 -0.2792246293644185 0.27974171713375146 0.3666126087540604 0.6806510851921984 1.0095142373125519 1.231907100754736
17 102 -0.3788709646549419 -0.2797964760523359 0.3054528450140272 0.40146146343354217 0.6806510851921984 1.0095142373125519 1.231907100754736
18 108 -0.3994075343475386 -0.29997070413505195 0.24156209331338546 0.3226361955837113 0.6806510851921984 1.0095142373125519 1.231907100754736
19 114 -0.36903968867436643 -0.2873387502467161 0.1180075342832421 0.1714220240322445 0.7796892192900229 0.9838047012909875 1.19340396808485
20 120 -0.38530637830857417 -0.2616203334928607 0.12096761505790239 0.12481088642577659 0.7796892192900229 0.9838047012909875 1.19340396808485
21 126 -0.3262666235964526 -0.2291982116173773 0.1514881650541814 0.1813152119656257 0.7796892192900229 0.9838047012909875 1.19340396808485
22 132 -0.39538721730777654 -0.2952236304456685 0.25172930331457394 0.3338833610392134 0.6927435120222803 1.002592997386019 1.2308183083394375
23 138 -0.20927541297685734 -0.18103859954102589 0.18020056016780603 0.27237679996825187 0.6927435120222803 1.002592997386019 1.2308183083394375
24 144 -0.3690386842687739 -0.31780098514301175 0.21114102595770876 0.3362173305321867 0.6927435120222803 1.002592997386019 1.2308183083394375
25 150 -0.28471286757365394 -0.22926595562103996 0.16720970367871124 0.2439213448260143 0.8091601712470823 0.9684334189725389 1.1863374436831
26 156 -0.3584773113817051 -0.31434032203388407 0.1100133699635191 0.20732761128149915 0.8091601712470823 0.9684334189725389 1.1863374436831
27 162 -0.39357085238202344 -0.38224624348701924 0.129643720788864 0.28894909998582086 0.8091601712470823 0.9684334189725389 1.1863374436831
28 168 -0.4273045642376743 -0.3805316924958174 0.018191964491803436 0.10432697841248678 0.7407026942932101 0.9549981119793213 1.2407006588144902
29 174 -0.432689627602753 -0.3871928420788347 0.08240597123995205 0.1934421234889627 0.7407026942932101 0.9549981119793213 1.2407006588144902
30 180 -0.4053812646733272 -0.3091090483435656 0.14965431762898562 0.20630322329007447 0.7407026942932101 0.9549981119793213 1.2407006588144902
31 186 -0.16354690540201938 -0.13116203226070344 0.04612735708929385 0.0728389470646437 0.9118504773252005 0.9874916833455084 1.0924233988363934
32 192 -0.07998512572047911 -0.029831327351956486 0.18224816064089605 0.2027875249366576 0.9118504773252005 0.9874916833455084 1.0924233988363934
33 198 0.07202611875318331 0.07559787068169689 0.19751067275572148 0.23457652151854944 0.9118504773252005 0.9874916833455084 1.0924233988363934
34 204 0.11363126008268729 0.11942089839710707 0.2172626410190338 0.2440869169119229 0.8685826670558546 0.9530806894909434 1.1563742256767942
35 210 0.03691547602753363 0.0862274766024959 0.2721672116568561 0.28483512276668055 0.8685826670558546 0.9530806894909434 1.1563742256767942
36 216 0.23045991937274998 0.23151599171748402 0.24189424234549473 0.24429758687676426 0.8685826670558546 0.9530806894909434 1.1563742256767942
37 222 0.24709456049936018 0.2535425208501183 0.3026595423458014 0.31258392249360434 0.8271127673675701 0.8717537407562947 1.2473691857405196
38 228 0.1359326679842724 0.1375001806882157 0.18027910871858685 0.19297123869143393 0.8271127673675701 0.8717537407562947 1.2473691857405196
39 234 0.4394844854842175 0.4481309651701536 0.4767945825781704 0.47770264202824 0.8271127673675701 0.8717537407562947 1.2473691857405196
40 240 0.5576449988288821 0.5608201171843207 0.5753007479015417 0.5769525064518435 0.6483260006045699 0.6655878771800673 1.461733961667107
41 246 0.5626298090231172 0.5639341823730135 0.62325208964999 0.6417203520590858 0.6483260006045699 0.6655878771800673 1.461733961667107
42 252 0.3410088779154689 0.3513059577862291 0.5912751982222346 0.6609678651634763 0.6483260006045699 0.6655878771800673 1.461733961667107
43 258 0.39889572264501966 0.42887202793847423 0.6567085350406867 0.7026777321146362 0.5294825371462943 0.793309107008478 1.4457900620748971
44 264 0.29781586381609604 0.3466894770384718 0.611636957630278 0.6510791712718377 0.5294825371462943 0.793309107008478 1.4457900620748971
45 270 0.3432441234750261 0.34828465063870107 0.5946712466540368 0.671759584828807 0.5294825371462943 0.793309107008478 1.4457900620748971
46 276 0.3317997659185833 0.33380671026742836 0.5167613019765352 0.5757392215307258 0.6512879354027851 0.8559215655069032 1.3576532321984838
47 282 0.3564372535596631 0.363882271896069 0.4838556370441628 0.5164017404237882 0.6512879354027851 0.8559215655069032 1.3576532321984838
48 288 0.1913103511947068 0.21097318814007948 0.37219927170711514 0.406278462617421 0.6512879354027851 0.8559215655069032 1.3576532321984838
49 294 0.07367304926438975 0.12499848543927969 0.3073670534059982 0.31683113988668105 0.7827435172052167 0.9627862244837551 1.208451601106773
50 300 0.02714284131008645 0.07239857191167973 0.2687298146579873 0.28891783163849655 0.7827435172052167 0.9627862244837551 1.208451601106773
51 306 0.09289810320637978 0.12349911118047813 0.2576521756367811 0.2717688558147837 0.7827435172052167 0.9627862244837551 1.208451601106773
52 312 -0.09261409198824781 -0.01850945768748951 0.2288664309856276 0.237220426242575 0.7986849280696403 1.0446709939463923 1.1272820854078407
53 318 -0.12889220776028762 -0.03981780372289527 0.315808298415268 0.34527592842393007 0.7986849280696403 1.0446709939463923 1.1272820854078407
54 324 -0.2779105254882357 -0.18917176084773124 0.33200630385933105 0.4169935607878474 0.7986849280696403 1.0446709939463923 1.1272820854078407
55 330 -0.3252856145133969 -0.23348657923761224 0.27881951140299754 0.35778917300741614 0.7036485069092039 1.0206460183960089 1.2096117078868
56 336 -0.22428677183586254 -0.1514802797069366 0.29118474930701865 0.36593326684941113 0.7036485069092039 1.0206460183960089 1.2096117078868
57 342 -0.20763826314761538 -0.14296573532352636 0.39925028304376586 0.5153164280087742 0.7036485069092039 1.0206460183960089 1.2096117078868
58 348 -0.20736128270712023 -0.15672367252263625 0.4284714281219099 0.572898851485608 0.6263025197603256 0.9984592802409985 1.2691825004476285
59 354 -0.24467390324694432 -0.20123865205552469 0.434016975557344 0.6023336002368805 0.6263025197603256 0.9984592802409985 1.2691825004476285
60 360 -0.16933279367228043 -0.1310561162027477 0.5288423725555592 0.710531858005462 0.6263025197603256 0.9984592802409985 1.2691825004476285
61 366 0.007445304267282816 0.04928007916901479 0.5409149119288021 0.6629584146136659 0.5623080834142782 0.9981631435417444 1.299030391562039
62 372 0.09451806345270605 0.13161396878950207 0.5960066510698354 0.7137083064931504 0.5623080834142782 0.9981631435417444 1.299030391562039
63 378 0.1353108150656449 0.17709368870512515 0.5799751856147856 0.6724861442785254 0.5623080834142782 0.9981631435417444 1.299030391562039
64 384 0.16168717358622436 0.20377581090316316 0.6025200040720444 0.6933460978113994 0.5330674360238934 0.9363738593778757 1.3561132342561568
65 390 0.12105428768480678 0.15465474275080257 0.6319309254534713 0.7574225312883651 0.5330674360238934 0.9363738593778757 1.3561132342561568
66 396 0.03531999508409219 0.0818659023450222 0.6055714294315409 0.7335940311994503 0.5330674360238934 0.9363738593778757 1.3561132342561568
67 402 0.07176243295260672 0.10578598150117541 0.6450374267154833 0.7907643599050171 0.4442232456904449 0.9823021680964668 1.3556357027392083
68 408 0.04377429553187824 0.061969636536578325 0.660904477499863 0.8423540834829246 0.4442232456904449 0.9823021680964668 1.3556357027392083
69 414 -0.018907385994601057 0.04019066982107265 0.6336729453891681 0.7724023147628596 0.4442232456904449 0.9823021680964668 1.3556357027392083
70 420 -0.04868290808223232 0.005867504315164626 0.6134867433987824 0.7614760773625913 0.4563724527002003 1.010240623352471 1.3308411127346547
71 426 -0.04466810164852365 -0.04025710172035443 0.6054829750781097 0.8163186674160952 0.4563724527002003 1.010240623352471 1.3308411127346547
72 432 -0.1882545856661498 -0.18749330848612394 0.5586595040355549 0.806615831029422 0.4563724527002003 1.010240623352471 1.3308411127346547
73 438 -0.2082557041732132 -0.1974568123351187 0.5351289186203874 0.7685252704341281 0.47977814827885434 0.9588024324600556 1.3603348205286794
74 444 -0.0033070284487672634 0.017847809916511196 0.6115928295457372 0.7883529977235342 0.47977814827885434 0.9588024324600556 1.3603348205286794
75 450 -0.0069714564557256335 0.009311066401216764 0.6030884152224402 0.7847316753059055 0.47977814827885434 0.9588024324600556 1.3603348205286794
76 456 0.08087322109734994 0.09678923949440962 0.6443993768592495 0.8110200709171366 0.4317871415101659 0.986051271297641 1.3569313743881029
77 462 0.24899302981296928 0.2523883533915363 0.6509476260052817 0.7804053932979631 0.4317871415101659 0.986051271297641 1.3569313743881029
78 468 0.31381744914545445 0.3320601353668503 0.6799219563304452 0.7776332104302475 0.4317871415101659 0.986051271297641 1.3569313743881029
79 474 0.23737095230975352 0.23824731764323437 0.6011193999026304 0.7212003953222816 0.5280057132991312 0.930724592033418 1.361969786929102
80 480 -0.02841000721423629 -0.024027448271343205 0.5769313216741218 0.7728683527130503 0.5280057132991312 0.930724592033418 1.361969786929102
81 486 -0.1487252177650385 -0.1455472051098442 0.5496860572573262 0.7782524653911888 0.5280057132991312 0.930724592033418 1.361969786929102
82 492 -0.10714405670973538 -0.0966938382185504 0.5532012635024017 0.7593827455848675 0.48933991969115803 0.9909800313250869 1.333606021473951
83 498 -0.10850424136457411 -0.10623261540018619 0.5506120515229662 0.7672886478662958 0.48933991969115803 0.9909800313250869 1.333606021473951
84 504 -0.25801741327871747 -0.19907662212599114 0.4354342566168398 0.5879970917117238 0.48933991969115803 0.9909800313250869 1.333606021473951
85 510 -0.10296767533806622 -0.08259100528845612 0.4284434069320699 0.5784115409559685 0.6448540115604439 0.996294392027121 1.2615707622601722
86 516 -0.05761198508891207 -0.052151641161415255 0.41537644040933525 0.5657587903387552 0.6448540115604439 0.996294392027121 1.2615707622601722
87 522 -0.15264280575719408 -0.1462212898206358 0.3955484972735105 0.5697169103683343 0.6448540115604439 0.996294392027121 1.2615707622601722
88 528 -0.22133493467913215 -0.20003677751717183 0.24052326829306295 0.36607845973451425 0.7883666247259458 0.9394023476669298 1.2231113171809345
89 534 -0.1322253440879861 -0.1296328214122317 0.21839130197442108 0.33180682042755094 0.7883666247259458 0.9394023476669298 1.2231113171809345
90 540 -0.1105122193434083 -0.08474214664264879 0.29507063877823564 0.39590482788443754 0.7883666247259458 0.9394023476669298 1.2231113171809345
91 546 -0.12697213382088002 -0.11923737847508156 0.262504958575875 0.3820176489137288 0.7852505175301209 0.9719138887272045 1.199485313631576
92 552 -0.1682842625621732 -0.14394666393505365 0.24703324571813762 0.3530222836420818 0.7852505175301209 0.9719138887272045 1.199485313631576
93 558 -0.226030464389434 -0.19747451118758796 0.19389147007008875 0.29579084395413496 0.7852505175301209 0.9719138887272045 1.199485313631576
94 564 -0.27019002522754015 -0.18410157370945093 0.26373980202969377 0.3269318090913194 0.7332750173635283 1.0357376789417945 1.1787939639015723
95 570 -0.30212052675523227 -0.22197331047682003 0.27837124851656003 0.36500555190260786 0.7332750173635283 1.0357376789417945 1.1787939639015723
96 576 -0.25291128418932496 -0.20687906927912517 0.2878605351605942 0.4067415217303008 0.7332750173635283 1.0357376789417945 1.1787939639015723
97 582 -0.23714961191564649 -0.17228610973368763 0.28427936382441 0.37160435282848364 0.74084074485942 1.0100595254205875 1.1962168473413493
98 588 -0.18353861808805105 -0.10098923175509471 0.20832707221750402 0.22888312054208054 0.74084074485942 1.0100595254205875 1.1962168473413493
99 594 -0.19781932747480377 -0.11578043816615181 0.19933708952960666 0.22233737611954085 0.74084074485942 1.0100595254205875 1.1962168473413493
100 600 -0.17594373376787878 -0.11290900788204992 0.10347688882127994 0.11257079516989435 0.8670730509991159 1.0330504374167295 1.0867341523961545
100 600 -0.17594373376787878 -0.11290900788204992 0.10347688882127994 0.11257079516989435 0.8670730509991159 1.0330504374167295 1.0867341523961545
