% # columns="iteration, evaluation, min 25%tile 75%tile max correlation, correlation matrix principal axes lengths  (sorted square roots of eigenvalues of correlation matrix)", seed=693940, Wed Mar  4 12:50:13 2026
1 6 -0.02921616452392057 -0.008195137593532433 0.15646059081622646 0.19032480668909127 0.8902612771297899 1.0076264317752397 1.09184423450927
2 12 -0.02921616452392057 -0.008195137593532433 0.15646059081622646 0.19032480668909127 0.8902612771297899 1.0076264317752397 1.09184423450927
3 18 -0.02921616452392057 -0.008195137593532433 0.15646059081622646 0.19032480668909127 0.8902612771297899 1.0076264317752397 1.09184423450927
4 24 -0.12617921548695077 -0.10628506826253792 0.07318968950326596 0.11312046153412106 0.9230469463017786 0.9765873344440522 1.0928227272190227
5 30 -0.12617921548695077 -0.10628506826253792 0.07318968950326596 0.11312046153412106 0.9230469463017786 0.9765873344440522 1.0928227272190227
6 36 -0.12617921548695077 -0.10628506826253792 0.07318968950326596 0.11312046153412106 0.9230469463017786 0.9765873344440522 1.0928227272190227
7 42 -0.21950695112550633 -0.16855201371907655 0.2338602105405937 0.31704268122072066 0.7884257991598322 0.9926325724283241 1.1802818880985626
8 48 -0.21950695112550633 -0.16855201371907655 0.2338602105405937 0.31704268122072066 0.7884257991598322 0.9926325724283241 1.1802818880985626
9 54 -0.21950695112550633 -0.16855201371907655 0.2338602105405937 0.31704268122072066 0.7884257991598322 0.9926325724283241 1.1802818880985626
10 60 -0.31986333473808665 -0.2648267986363185 0.17978707931642784 0.27295516919890844 0.7908698093756131 0.9495668974959695 1.2136093489249578
11 66 -0.31986333473808665 -0.2648267986363185 0.17978707931642784 0.27295516919890844 0.7908698093756131 0.9495668974959695 1.2136093489249578
12 72 -0.31986333473808665 -0.2648267986363185 0.17978707931642784 0.27295516919890844 0.7908698093756131 0.9495668974959695 1.2136093489249578
13 78 -0.3869672928150558 -0.29872869647634054 0.1913590311935507 0.2664830107447992 0.7386498740380496 0.9839944431173481 1.219078053078536
14 84 -0.3869672928150558 -0.29872869647634054 0.1913590311935507 0.2664830107447992 0.7386498740380496 0.9839944431173481 1.219078053078536
15 90 -0.3869672928150558 -0.29872869647634054 0.1913590311935507 0.2664830107447992 0.7386498740380496 0.9839944431173481 1.219078053078536
16 96 -0.40401174773166926 -0.3488683381703239 0.26511179976414456 0.41462843618095535 0.7110042389516166 0.9036808468253775 1.295312278670206
17 102 -0.40401174773166926 -0.3488683381703239 0.26511179976414456 0.41462843618095535 0.7110042389516166 0.9036808468253775 1.295312278670206
18 108 -0.40401174773166926 -0.3488683381703239 0.26511179976414456 0.41462843618095535 0.7110042389516166 0.9036808468253775 1.295312278670206
19 114 -0.1678202934502228 -0.1316058015794316 0.2699319998484144 0.36756344178690525 0.7773205752303709 0.9912986717726096 1.1887386872922852
20 120 -0.1678202934502228 -0.1316058015794316 0.2699319998484144 0.36756344178690525 0.7773205752303709 0.9912986717726096 1.1887386872922852
21 126 -0.1678202934502228 -0.1316058015794316 0.2699319998484144 0.36756344178690525 0.7773205752303709 0.9912986717726096 1.1887386872922852
22 132 -0.36577600579918146 -0.313971513102714 0.2763576806503716 0.42132958587159924 0.7172144887621358 0.9183192749521245 1.281519834556248
23 138 -0.36577600579918146 -0.313971513102714 0.2763576806503716 0.42132958587159924 0.7172144887621358 0.9183192749521245 1.281519834556248
24 144 -0.36577600579918146 -0.313971513102714 0.2763576806503716 0.42132958587159924 0.7172144887621358 0.9183192749521245 1.281519834556248
25 150 -0.23623145057890318 -0.17892754639710245 0.20697489549871476 0.27830513861551975 0.7989971565310843 0.9965327044656791 1.1698402082274153
26 156 -0.23623145057890318 -0.17892754639710245 0.20697489549871476 0.27830513861551975 0.7989971565310843 0.9965327044656791 1.1698402082274153
27 162 -0.23623145057890318 -0.17892754639710245 0.20697489549871476 0.27830513861551975 0.7989971565310843 0.9965327044656791 1.1698402082274153
28 168 -0.0019174632829914232 0.052954508241993756 0.36688038575415605 0.41665037339989164 0.7274439516793868 1.0007864338579517 1.2121269780724138
29 174 -0.0019174632829914232 0.052954508241993756 0.36688038575415605 0.41665037339989164 0.7274439516793868 1.0007864338579517 1.2121269780724138
30 180 -0.0019174632829914232 0.052954508241993756 0.36688038575415605 0.41665037339989164 0.7274439516793868 1.0007864338579517 1.2121269780724138
31 186 -0.06823482055180526 -0.045562107207083605 0.12680823030163954 0.16159229612649229 0.9031714832083845 1.007951163816182 1.0808865450549245
32 192 -0.06823482055180526 -0.045562107207083605 0.12680823030163954 0.16159229612649229 0.9031714832083845 1.007951163816182 1.0808865450549245
33 198 -0.06823482055180526 -0.045562107207083605 0.12680823030163954 0.16159229612649229 0.9031714832083845 1.007951163816182 1.0808865450549245
34 204 -0.2322160540912442 -0.2024591473013487 -0.09094506225262931 -0.08353060735961834 0.8381833534279385 1.0309967567276646 1.1110780142066226
35 210 -0.2322160540912442 -0.2024591473013487 -0.09094506225262931 -0.08353060735961834 0.8381833534279385 1.0309967567276646 1.1110780142066226
36 216 -0.2322160540912442 -0.2024591473013487 -0.09094506225262931 -0.08353060735961834 0.8381833534279385 1.0309967567276646 1.1110780142066226
37 222 -0.26298150230330003 -0.25037636454951695 -0.18592740429250043 -0.1770495552939447 0.7503236053561874 1.0811994849149584 1.1260649009115422
38 228 -0.26298150230330003 -0.25037636454951695 -0.18592740429250043 -0.1770495552939447 0.7503236053561874 1.0811994849149584 1.1260649009115422
39 234 -0.26298150230330003 -0.25037636454951695 -0.18592740429250043 -0.1770495552939447 0.7503236053561874 1.0811994849149584 1.1260649009115422
40 240 -0.37971586092676685 -0.37645883169148725 -0.3472029069204807 -0.34070796123209146 0.5244232957217302 1.157365999577515 1.1770659072143317
41 246 -0.37971586092676685 -0.37645883169148725 -0.3472029069204807 -0.34070796123209146 0.5244232957217302 1.157365999577515 1.1770659072143317
42 252 -0.37971586092676685 -0.37645883169148725 -0.3472029069204807 -0.34070796123209146 0.5244232957217302 1.157365999577515 1.1770659072143317
43 258 -0.6323609337626238 -0.5656591753227413 -0.1337374398033125 -0.05646528640338533 0.49416297881577065 1.0241375751273794 1.3065011203899275
44 264 -0.6323609337626238 -0.5656591753227413 -0.1337374398033125 -0.05646528640338533 0.49416297881577065 1.0241375751273794 1.3065011203899275
45 270 -0.6323609337626238 -0.5656591753227413 -0.1337374398033125 -0.05646528640338533 0.49416297881577065 1.0241375751273794 1.3065011203899275
46 276 -0.5218438174290116 -0.43961138703008523 -0.18101684271599255 -0.1770510916768881 0.607930495746503 1.052758814004949 1.2337420280902747
47 282 -0.5218438174290116 -0.43961138703008523 -0.18101684271599255 -0.1770510916768881 0.607930495746503 1.052758814004949 1.2337420280902747
48 288 -0.5218438174290116 -0.43961138703008523 -0.18101684271599255 -0.1770510916768881 0.607930495746503 1.052758814004949 1.2337420280902747
49 294 -0.309367956756043 -0.2995890518183477 -0.05544645300057115 0.016155508334325774 0.7727450428684159 0.9919634187394074 1.1911648393925656
50 300 -0.309367956756043 -0.2995890518183477 -0.05544645300057115 0.016155508334325774 0.7727450428684159 0.9919634187394074 1.1911648393925656
51 306 -0.309367956756043 -0.2995890518183477 -0.05544645300057115 0.016155508334325774 0.7727450428684159 0.9919634187394074 1.1911648393925656
52 312 -0.262714981971036 -0.2553891067023181 0.052807069598935684 0.1482132530973024 0.8447909085201527 0.9237815248920438 1.1970614082618423
53 318 -0.262714981971036 -0.2553891067023181 0.052807069598935684 0.1482132530973024 0.8447909085201527 0.9237815248920438 1.1970614082618423
54 324 -0.262714981971036 -0.2553891067023181 0.052807069598935684 0.1482132530973024 0.8447909085201527 0.9237815248920438 1.1970614082618423
55 330 -0.39312867759980097 -0.33966273562976085 0.22872665047930968 0.36472383721229307 0.7385468148362605 0.9063011667473679 1.2779541452836147
56 336 -0.39312867759980097 -0.33966273562976085 0.22872665047930968 0.36472383721229307 0.7385468148362605 0.9063011667473679 1.2779541452836147
57 342 -0.39312867759980097 -0.33966273562976085 0.22872665047930968 0.36472383721229307 0.7385468148362605 0.9063011667473679 1.2779541452836147
58 348 -0.5846148227146751 -0.4740013482373205 0.15168617335908222 0.2496352060805285 0.6360014245416512 0.9485979237670854 1.3021767034491762
59 354 -0.5846148227146751 -0.4740013482373205 0.15168617335908222 0.2496352060805285 0.6360014245416512 0.9485979237670854 1.3021767034491762
60 360 -0.5846148227146751 -0.4740013482373205 0.15168617335908222 0.2496352060805285 0.6360014245416512 0.9485979237670854 1.3021767034491762
61 366 -0.6720200167474697 -0.5607343649372777 0.05360297818374085 0.1470964407472218 0.5682343196759173 0.9556539610211674 1.328094599313995
62 372 -0.6720200167474697 -0.5607343649372777 0.05360297818374085 0.1470964407472218 0.5682343196759173 0.9556539610211674 1.328094599313995
63 378 -0.6720200167474697 -0.5607343649372777 0.05360297818374085 0.1470964407472218 0.5682343196759173 0.9556539610211674 1.328094599313995
64 384 -0.6870114770164326 -0.5918756386992752 -0.002583651856852165 0.098711172106798 0.5294839072399976 0.9628703969335817 1.338853013098463
65 390 -0.6870114770164326 -0.5918756386992752 -0.002583651856852165 0.098711172106798 0.5294839072399976 0.9628703969335817 1.338853013098463
66 396 -0.6870114770164326 -0.5918756386992752 -0.002583651856852165 0.098711172106798 0.5294839072399976 0.9628703969335817 1.338853013098463
67 402 -0.7952217585726697 -0.6582913961293303 0.054120257111703936 0.1546604457487093 0.4461327196574004 0.9561791865377378 1.3735672388649642
68 408 -0.7952217585726697 -0.6582913961293303 0.054120257111703936 0.1546604457487093 0.4461327196574004 0.9561791865377378 1.3735672388649642
69 414 -0.7952217585726697 -0.6582913961293303 0.054120257111703936 0.1546604457487093 0.4461327196574004 0.9561791865377378 1.3735672388649642
70 420 -0.7819598387070239 -0.6662435167492808 0.12893501966695453 0.27827820984795654 0.46561295249692164 0.9036416222851705 1.4023681388782778
71 426 -0.7819598387070239 -0.6662435167492808 0.12893501966695453 0.27827820984795654 0.46561295249692164 0.9036416222851705 1.4023681388782778
72 432 -0.7819598387070239 -0.6662435167492808 0.12893501966695453 0.27827820984795654 0.46561295249692164 0.9036416222851705 1.4023681388782778
73 438 -0.7610469738351511 -0.5687836174984123 0.09874950352847774 0.12899718753403572 0.47617302328152217 1.0013181948177972 1.330646882018578
74 444 -0.7610469738351511 -0.5687836174984123 0.09874950352847774 0.12899718753403572 0.47617302328152217 1.0013181948177972 1.330646882018578
75 450 -0.7610469738351511 -0.5687836174984123 0.09874950352847774 0.12899718753403572 0.47617302328152217 1.0013181948177972 1.330646882018578
76 456 -0.8104682104259828 -0.6416992168792393 0.013246835831269059 0.06279319318802826 0.43156052933170197 0.9897959448943948 1.354274527927611
77 462 -0.8104682104259828 -0.6416992168792393 0.013246835831269059 0.06279319318802826 0.43156052933170197 0.9897959448943948 1.354274527927611
78 468 -0.8104682104259828 -0.6416992168792393 0.013246835831269059 0.06279319318802826 0.43156052933170197 0.9897959448943948 1.354274527927611
79 474 -0.7042975895005997 -0.5541117035774554 -0.0968924994859787 -0.09467198404529736 0.5184891824308497 1.0133184319538693 1.3055093730665974
80 480 -0.7042975895005997 -0.5541117035774554 -0.0968924994859787 -0.09467198404529736 0.5184891824308497 1.0133184319538693 1.3055093730665974
81 486 -0.7042975895005997 -0.5541117035774554 -0.0968924994859787 -0.09467198404529736 0.5184891824308497 1.0133184319538693 1.3055093730665974
82 492 -0.758358493058489 -0.5749600106956848 0.060258509634723435 0.08859953404872194 0.488824498596501 0.9971444625193897 1.3291928116111662
83 498 -0.758358493058489 -0.5749600106956848 0.060258509634723435 0.08859953404872194 0.488824498596501 0.9971444625193897 1.3291928116111662
84 504 -0.758358493058489 -0.5749600106956848 0.060258509634723435 0.08859953404872194 0.488824498596501 0.9971444625193897 1.3291928116111662
85 510 -0.5794142488703619 -0.44629850565882223 0.0715375025532949 0.11103376207912766 0.6457536424649538 0.9913310805809236 1.2650157793156194
86 516 -0.5794142488703619 -0.44629850565882223 0.0715375025532949 0.11103376207912766 0.6457536424649538 0.9913310805809236 1.2650157793156194
87 522 -0.5794142488703619 -0.44629850565882223 0.0715375025532949 0.11103376207912766 0.6457536424649538 0.9913310805809236 1.2650157793156194
88 528 -0.34772707676326914 -0.24561179761605811 0.15469906823339047 0.18602074436932903 0.7604548111580745 1.0247651145154533 1.1711383096196057
89 534 -0.34772707676326914 -0.24561179761605811 0.15469906823339047 0.18602074436932903 0.7604548111580745 1.0247651145154533 1.1711383096196057
90 540 -0.34772707676326914 -0.24561179761605811 0.15469906823339047 0.18602074436932903 0.7604548111580745 1.0247651145154533 1.1711383096196057
91 546 -0.37457301923215164 -0.2679678348812534 0.08657378020466229 0.09814913421573597 0.7729097412407029 1.0124628907239852 1.173681995602753
92 552 -0.37457301923215164 -0.2679678348812534 0.08657378020466229 0.09814913421573597 0.7729097412407029 1.0124628907239852 1.173681995602753
93 558 -0.37457301923215164 -0.2679678348812534 0.08657378020466229 0.09814913421573597 0.7729097412407029 1.0124628907239852 1.173681995602753
94 564 -0.3613686705575067 -0.31567363796137693 0.18966607536056168 0.3124176138717448 0.7754541434856805 0.9077404869310477 1.2548617771440305
95 570 -0.3613686705575067 -0.31567363796137693 0.18966607536056168 0.3124176138717448 0.7754541434856805 0.9077404869310477 1.2548617771440305
96 576 -0.3613686705575067 -0.31567363796137693 0.18966607536056168 0.3124176138717448 0.7754541434856805 0.9077404869310477 1.2548617771440305
97 582 -0.38805768384856976 -0.3216534621298833 0.16771602801974025 0.26443496968426167 0.7622598450454753 0.9419158904085387 1.2376406522198344
98 588 -0.38805768384856976 -0.3216534621298833 0.16771602801974025 0.26443496968426167 0.7622598450454753 0.9419158904085387 1.2376406522198344
99 594 -0.38805768384856976 -0.3216534621298833 0.16771602801974025 0.26443496968426167 0.7622598450454753 0.9419158904085387 1.2376406522198344
100 600 -0.12834632387366451 -0.12079636155953442 0.11514554135618067 0.18624288001395561 0.9000074998020848 0.9546523445317521 1.1307631942100123
100 600 -0.12834632387366451 -0.12079636155953442 0.11514554135618067 0.18624288001395561 0.9000074998020848 0.9546523445317521 1.1307631942100123
