% # columns="iteration, evaluation, void, void, void, xmean", seed=641099, Wed Mar  4 14:27:41 2026, <python>{}</python> # scaling_of_variables: 1, typical_x: 0
1 6 0 0 0 1.0521815086227608 2.139403737143498 2.2219657672531823
2 12 0 0 0 1.028337824366467 1.9890450525293617 2.3293912779675328
3 18 0 0 0 1.0664499057565389 1.8246437418533936 2.176292357846766
4 24 0 0 0 1.0156198509383865 1.641476904562592 2.0358707269017917
5 30 0 0 0 1.0308775236596466 1.4032580794644793 1.7624383791097935
6 36 0 0 0 0.9556145765184533 1.2246227102530238 1.6731145733195298
7 42 0 0 0 0.9936428504972292 1.0046894907298158 1.7636669263527298
8 48 0 0 0 1.034910217905994 0.9429481273420486 1.6724922284145134
9 54 0 0 0 1.0088997181831254 0.8365807041633831 1.3802420957430566
10 60 0 0 0 1.0175624577799485 1.0368696110178084 1.6786685306068407
11 66 0 0 0 1.0506085521190707 1.2449050309693832 1.81342718157255
12 72 0 0 0 1.052950282437123 1.2426363302910248 1.846443545448184
13 78 0 0 0 1.0335632382006938 1.0618558205678812 1.7753030417113171
14 84 0 0 0 1.0281567786929233 1.2431736788779892 1.968306958550256
15 90 0 0 0 1.0291492039898806 1.1670750515306705 2.0375393286290575
16 96 0 0 0 1.0270273226132782 1.0436352652056988 1.770100355782117
17 102 0 0 0 1.0243227756631585 0.920182248837094 1.734211929208647
18 108 0 0 0 1.0249526537584768 0.9074283415903402 1.6605337358440668
19 114 0 0 0 1.0333374327744254 0.8830164113478636 1.5668345815863143
20 120 0 0 0 1.0270933007372927 0.7787041362895686 1.4655287739798144
21 126 0 0 0 1.025337849042009 0.6205469113992856 1.3279908839126053
22 132 0 0 0 1.0269245333348682 0.7136929859988796 1.4729834072979098
23 138 0 0 0 1.0243647625544658 0.5474637694038589 1.2192221959017517
24 144 0 0 0 1.0234155897642065 0.6871455302145346 1.3031258714969294
25 150 0 0 0 1.024657206757676 0.6265093363996309 1.1991079880524544
26 156 0 0 0 1.0236667493610707 0.6929950481344216 1.2656725652715686
27 162 0 0 0 1.025893715649661 0.65207921766483 1.2321504459380945
28 168 0 0 0 1.0246212871165885 0.6751942687401873 1.2275713975068427
29 174 0 0 0 1.0255082455183835 0.633678880815696 1.1873089436476403
30 180 0 0 0 1.0245934616825916 0.6193673083025507 1.125320977343413
31 186 0 0 0 1.0249798262954783 0.6204271144610805 1.1061555214191259
32 192 0 0 0 1.0241493229135377 0.6044995763597775 1.005878532346008
33 198 0 0 0 1.024490034745836 0.58956101298214 0.9736547142593147
34 204 0 0 0 1.0246477369488571 0.5597228003058505 0.9600571293130069
35 210 0 0 0 1.0247568301640253 0.5392510776943614 0.9442718947969978
36 216 0 0 0 1.024735954466132 0.5444244211294589 0.930481795818544
37 222 0 0 0 1.0251449343423633 0.5656867791439387 0.9624910191804749
38 228 0 0 0 1.025089509837996 0.552942343215397 0.9352924686952567
39 234 0 0 0 1.0254856579696086 0.552593463251088 0.962499083423858
40 240 0 0 0 1.0258477683013514 0.5504420690546447 0.9549602880880936
41 246 0 0 0 1.025571247881715 0.5532995872631398 0.9504647784102394
42 252 0 0 0 1.0254876759834224 0.5584713894552691 0.9473851636188473
43 258 0 0 0 1.0252663455228197 0.5641390804368858 0.951765225400409
44 264 0 0 0 1.0253710999010888 0.5553218649060766 0.9466522306770706
45 270 0 0 0 1.025454289487429 0.5543164868030941 0.9481971052844658
46 276 0 0 0 1.025549074929985 0.5523499606587097 0.9460429330633359
47 282 0 0 0 1.025529386246242 0.5534500576136839 0.949271429006703
48 288 0 0 0 1.0254799284742537 0.5570359761844472 0.9505152336155933
49 294 0 0 0 1.0254423216769395 0.5614372551712031 0.9492906724000068
50 300 0 0 0 1.0254140742268774 0.5583650881459893 0.9483980015072151
51 306 0 0 0 1.0254486791423083 0.5623318531210134 0.9464996650540952
52 312 0 0 0 1.0254834114736635 0.5628204521065018 0.9469377354356576
53 318 0 0 0 1.0254216159909881 0.563685786555935 0.9495308577097981
54 324 0 0 0 1.025400292867447 0.5697556509201781 0.9496459328588931
55 330 0 0 0 1.0254140167133157 0.5699004966010426 0.950816751029784
56 336 0 0 0 1.0253991023284394 0.5769699907441332 0.9509850370692295
57 342 0 0 0 1.0254128497860135 0.5678787424510288 0.9500731185753855
58 348 0 0 0 1.0254228282304148 0.5666968167306838 0.9494321585609872
59 354 0 0 0 1.025417211150945 0.567651674130319 0.9492937941208259
60 360 0 0 0 1.0253821107626577 0.5686881845465073 0.9494050021999554
61 366 0 0 0 1.0254033709612638 0.5686747616568406 0.9499607325562237
62 372 0 0 0 1.0253860254367466 0.5738400298955691 0.9505761207121769
63 378 0 0 0 1.0253528630229707 0.5787085860064837 0.9504825802187022
64 384 0 0 0 1.0253792736294476 0.5758052167734555 0.9493625231357765
65 390 0 0 0 1.025349453041477 0.5796474995165657 0.950401328044606
66 396 0 0 0 1.0253242160656553 0.5837046167128577 0.9504864693085927
67 402 0 0 0 1.025297531191971 0.5908386608170134 0.9497506272858289
68 408 0 0 0 1.0252495840708293 0.5996227627798764 0.9497481972542883
69 414 0 0 0 1.0252238210860973 0.6058282967915493 0.9495734436485076
70 420 0 0 0 1.025182813143012 0.6157277181036923 0.95058680256354
71 426 0 0 0 1.0251660343469917 0.6211338521147937 0.950841081924504
72 432 0 0 0 1.0251765482043462 0.618578403516293 0.9504349066648696
73 438 0 0 0 1.025094576205151 0.6349416927676013 0.9502975554271431
74 444 0 0 0 1.0250413080975347 0.6479231075606712 0.9507886378371732
75 450 0 0 0 1.02495971042448 0.663883156313442 0.9501483494717455
76 456 0 0 0 1.0248043019425062 0.6975258849732605 0.9502519740429101
77 462 0 0 0 1.0248108351845262 0.6980465382232249 0.9501126564032398
78 468 0 0 0 1.024785125206896 0.706989753306177 0.9508259500687227
79 474 0 0 0 1.0247485095470223 0.7123150022374789 0.949793350832059
80 480 0 0 0 1.0246463742865128 0.7357095079569803 0.9498131146950736
81 486 0 0 0 1.0246601017607817 0.7376397446438339 0.9503154851421451
82 492 0 0 0 1.0246674264914986 0.7360012580323023 0.9501619139602046
83 498 0 0 0 1.0245980455906234 0.7521545374578981 0.9491151307017589
84 504 0 0 0 1.0246096041900385 0.7518984605772034 0.9488584399750498
85 510 0 0 0 1.024559616048867 0.7665855663830053 0.9489369713144902
86 516 0 0 0 1.0245355708205799 0.7735392650367842 0.9488736860995717
87 522 0 0 0 1.0245242539668766 0.7785557470691402 0.9498348800916552
88 528 0 0 0 1.0245213367533454 0.7779102649156748 0.9509610227842367
89 534 0 0 0 1.0244925447686586 0.7867035530762795 0.9510994132010898
90 540 0 0 0 1.0244743119049906 0.7942294696757698 0.95123859992495
91 546 0 0 0 1.0244233277402972 0.8116062678118702 0.9505511753322494
92 552 0 0 0 1.0244409026672163 0.8096279801240166 0.9511295406955644
93 558 0 0 0 1.0243889932317896 0.8273338004458853 0.9504746541368444
94 564 0 0 0 1.0244325055231556 0.822032312591389 0.9505991961695426
95 570 0 0 0 1.0244660343732637 0.8060104778942829 0.9508343930434378
96 576 0 0 0 1.0244176059611105 0.825733531189639 0.9502254790948552
97 582 0 0 0 1.0243602502128917 0.8474547751826077 0.9499146954593729
98 588 0 0 0 1.024330531304861 0.8666723359198152 0.9497702636595354
99 594 0 0 0 1.0243768354703955 0.8504933106310207 0.9503236533844008
100 600 0 0 0 1.024412379677801 0.8410002143042906 0.950901759146302
100 600 0 0 0 1.024412379677801 0.8410002143042906 0.950901759146302
